##FastQC	0.11.8
>>Basic Statistics	pass
#Measure	Value
Filename	SRR6058604_scaffold_10.1P.fastq.gz
File type	Conventional base calls
Encoding	Sanger / Illumina 1.9
Total Sequences	4892210
Sequences flagged as poor quality	0
Sequence length	50-151
%GC	35
>>END_MODULE
>>Per base sequence quality	pass
#Base	Mean	Median	Lower Quartile	Upper Quartile	10th Percentile	90th Percentile
1	31.905682707815078	32.0	32.0	32.0	32.0	32.0
2	31.712121924447235	32.0	32.0	32.0	32.0	32.0
3	35.79843179258454	37.0	37.0	37.0	32.0	37.0
4	36.323891247513906	37.0	37.0	37.0	37.0	37.0
5	36.5388131335327	37.0	37.0	37.0	37.0	37.0
6	40.13234775285607	41.0	41.0	41.0	37.0	41.0
7	40.24967284724082	41.0	41.0	41.0	37.0	41.0
8	40.29104147205455	41.0	41.0	41.0	41.0	41.0
9	40.32982435341083	41.0	41.0	41.0	41.0	41.0
10-14	40.34767939234006	41.0	41.0	41.0	41.0	41.0
15-19	40.32018257597282	41.0	41.0	41.0	41.0	41.0
20-24	40.280375086106275	41.0	41.0	41.0	41.0	41.0
25-29	40.209612220244026	41.0	41.0	41.0	40.2	41.0
30-34	40.16033453183735	41.0	41.0	41.0	37.0	41.0
35-39	40.111866661488364	41.0	41.0	41.0	37.0	41.0
40-44	40.077889379237604	41.0	41.0	41.0	37.0	41.0
45-49	40.04069964290168	41.0	41.0	41.0	37.0	41.0
50-54	39.991615450120285	41.0	41.0	41.0	37.0	41.0
55-59	39.955561770132704	41.0	41.0	41.0	37.0	41.0
60-64	39.917173076595574	41.0	41.0	41.0	37.0	41.0
65-69	39.89986899709587	41.0	41.0	41.0	37.0	41.0
70-74	39.86249181747756	41.0	41.0	41.0	37.0	41.0
75-79	39.53124068252187	41.0	40.2	41.0	37.0	41.0
80-84	39.960253555268636	41.0	41.0	41.0	37.0	41.0
85-89	39.96431122741707	41.0	41.0	41.0	37.0	41.0
90-94	39.92172539429201	41.0	41.0	41.0	37.0	41.0
95-99	39.894092634899835	41.0	41.0	41.0	37.0	41.0
100-104	39.85572639264765	41.0	41.0	41.0	37.0	41.0
105-109	39.81298947446818	41.0	41.0	41.0	37.0	41.0
110-114	39.795844126798826	41.0	41.0	41.0	37.0	41.0
115-119	39.760082215149055	41.0	41.0	41.0	37.0	41.0
120-124	39.73767632451797	41.0	41.0	41.0	37.0	41.0
125-129	39.65319713081636	41.0	41.0	41.0	37.0	41.0
130-134	39.59910843631208	41.0	41.0	41.0	37.0	41.0
135-139	39.54227552370356	41.0	41.0	41.0	37.0	41.0
140-144	39.465440969610356	41.0	41.0	41.0	37.0	41.0
145-149	39.37883445435793	41.0	41.0	41.0	37.0	41.0
150-151	39.08381398857395	41.0	39.0	41.0	34.5	41.0
>>END_MODULE
>>Per sequence quality scores	pass
#Quality	Count
22	3.0
23	12.0
24	62.0
25	221.0
26	782.0
27	2334.0
28	5576.0
29	10949.0
30	19356.0
31	30895.0
32	45111.0
33	61930.0
34	81466.0
35	104807.0
36	135977.0
37	181622.0
38	264116.0
39	508167.0
40	3438824.0
>>END_MODULE
>>Per base sequence content	warn
#Base	G	A	T	C
1	20.825414281071335	37.47692760531539	26.534367903258442	15.16329021035483
2	17.152684432060123	34.31669299424718	33.46360171112921	15.067020862563488
3	17.4485835434634	33.21884515131	32.6234698115861	16.7091014936405
4	17.9036562414265	32.05202221147347	32.20481706526756	17.839504481832456
5	18.32981413308096	32.22390289868996	31.682123212208797	17.764159756020284
6	18.142393723899833	32.174252536174855	31.776620382199454	17.906733357725855
7	18.02573887874805	32.55581833159248	31.758203347771254	17.660239441888226
8	17.620564121327583	32.14353022458153	32.29442317480239	17.9414824792885
9	17.46758622381296	32.318849763194955	32.49100099954826	17.72256301344382
10-14	17.484446465297523	32.48267401707004	32.517444336928776	17.515435180703662
15-19	17.540481704587496	32.27577720498507	32.54948172707222	17.634259363355213
20-24	17.633875078952048	32.22422994924584	32.39506071897977	17.746834252822342
25-29	17.710060532781196	32.2089512345815	32.343467617645935	17.73752061499137
30-34	17.78816286235756	32.22455559794588	32.239126023057246	17.74815551663931
35-39	17.748676749641024	32.16649851352294	32.32566958925253	17.759155147583513
40-44	17.752020961905792	32.10717184381037	32.32773332856924	17.8130738657146
45-49	17.759737011795217	32.15366603053895	32.26361646964777	17.822980488018057
50-54	17.793491493266366	32.12650465849904	32.29855854000074	17.781445308233856
55-59	17.79258925739951	32.093135776666294	32.277627298125765	17.836647667808432
60-64	17.778870931171006	32.12498312374367	32.30211663842778	17.794029306657546
65-69	17.80615326750041	32.01801437779317	32.3298478313722	17.84598452333422
70-74	17.81426371569538	32.127571197696184	32.2040394360275	17.854125650580936
75-79	17.79535912167128	32.11312493957244	32.187429458224734	17.904086480531554
80-84	17.72861067370214	32.1736304685029	32.27389395180225	17.82386490599271
85-89	17.787164214935864	32.12196562792565	32.26642969584949	17.824440461288997
90-94	17.762291117474664	32.1051155410683	32.227874339441684	17.904719002015344
95-99	17.788574756348797	32.10286715157041	32.28110391809137	17.82745417398942
100-104	17.69643958619589	32.168154703831945	32.246753753570594	17.888651956401574
105-109	17.781616654924377	32.08003068914218	32.30751725065061	17.830835405282834
110-114	17.7443185194916	32.11530876289033	32.33065553036555	17.809717187252524
115-119	17.736222752544954	32.12755831954104	32.28410398668291	17.852114941231108
120-124	17.75470549205343	32.07454298634808	32.28417268834427	17.88657883325422
125-129	17.743367967612965	32.16470124201252	32.2296942905821	17.86223649979241
130-134	17.728502584746547	32.160938300687455	32.242668965384794	17.8678901491812
135-139	17.71826574977725	32.098439680281686	32.309649918383215	17.87364465155785
140-144	17.759062773424695	32.106606985717434	32.2268867120702	17.907443528787674
145-149	17.77096646745962	32.13066750651245	32.174691910343846	17.923674115684086
150-151	17.938487363545462	31.977679830855827	32.00904995044399	18.074782855154726
>>END_MODULE
>>Per sequence GC content	warn
#GC Content	Count
0	180.0
1	258.5
2	458.0
3	880.5
4	1730.0
5	2558.0
6	3485.0
7	4986.5
8	6875.5
9	8758.5
10	11110.0
11	14286.5
12	17871.0
13	22354.5
14	27961.5
15	33800.0
16	39668.5
17	45175.5
18	50030.5
19	55425.0
20	61577.5
21	68828.0
22	77167.5
23	85206.5
24	94740.5
25	106614.5
26	121081.0
27	134596.5
28	146432.0
29	158482.0
30	171651.5
31	185501.5
32	194087.5
33	196192.5
34	195238.5
35	193953.0
36	192952.5
37	185749.5
38	171184.5
39	160417.5
40	151802.0
41	140609.0
42	128868.0
43	117224.0
44	107069.5
45	98400.0
46	88256.0
47	76829.0
48	67009.5
49	60544.0
50	56089.5
51	50483.5
52	44741.5
53	41322.0
54	40013.0
55	39363.5
56	39827.5
57	42327.5
58	43980.0
59	42334.5
60	39086.0
61	34740.0
62	29656.0
63	24600.0
64	19766.5
65	15231.0
66	10892.5
67	7284.0
68	4673.0
69	2894.5
70	1822.5
71	1210.0
72	838.5
73	617.0
74	440.0
75	334.0
76	257.0
77	205.0
78	175.5
79	135.0
80	105.5
81	85.5
82	62.5
83	47.5
84	38.0
85	26.5
86	17.0
87	11.5
88	5.5
89	3.0
90	2.0
91	1.5
92	2.5
93	3.0
94	2.0
95	1.0
96	2.0
97	6.0
98	11.5
99	24.5
100	124.0
>>END_MODULE
>>Per base N content	pass
#Base	N-Count
1	0.0
2	4.0881319485467714E-5
3	4.0881319485467714E-5
4	0.013981411264029958
5	0.0
6	0.0
7	0.0
8	0.0
9	0.0
10-14	0.0021789743285754288
15-19	0.0
20-24	0.0
25-29	3.6384374342066263E-4
30-34	0.00221576751611235
35-39	0.004922110866050313
40-44	0.001214175188718391
45-49	1.1855582650785636E-4
50-54	0.0021310453841086596
55-59	0.005717927118711131
60-64	0.007371473014747869
65-69	0.005821910829197873
70-74	0.005934692698978064
75-79	0.007008591089730785
80-84	0.0032953426031017926
85-89	0.0033461467176554905
90-94	0.004686053087885248
95-99	0.005416922016081243
100-104	0.008108041883756472
105-109	0.005013387454560963
110-114	0.00550778931890351
115-119	0.0031116094904928165
120-124	0.006862981870583927
125-129	0.010800079231506679
130-134	0.008738719396082582
135-139	0.006704233286272161
140-144	0.004503794830265042
145-149	0.002892155206291621
150-151	0.0025885162887871616
>>END_MODULE
>>Sequence Length Distribution	warn
#Length	Count
50-54	6585.0
55-59	6998.0
60-64	7692.0
65-69	7920.0
70-74	8578.0
75-79	8095.0
80-84	7827.0
85-89	7934.0
90-94	8744.0
95-99	9592.0
100-104	11998.0
105-109	12809.0
110-114	12965.0
115-119	13273.0
120-124	13176.0
125-129	13886.0
130-134	14783.0
135-139	14870.0
140-144	15727.0
145-149	36722.0
150-152	4652036.0
>>END_MODULE
>>Sequence Duplication Levels	pass
#Total Deduplicated Percentage	71.44073565687536
#Duplication Level	Percentage of deduplicated	Percentage of total
1	89.71260776380473	64.09134696342919
2	7.2450701258044425	10.351862793462399
3	1.1553588403514385	2.4761905650714358
4	0.3678120255373792	1.051070467513432
5	0.1812307076055938	0.647362753747985
6	0.1126318576500788	0.48279016613532566
7	0.07169630467398452	0.3585425724852248
8	0.05098872082082985	0.2914137380514498
9	0.047454755350203895	0.3051182369372048
>10	1.0085418911900539	17.548296937587754
>50	0.041823229896305596	1.864528992437274
>100	0.004783777314967349	0.5314758131413599
>500	0.0	0.0
>1k	0.0	0.0
>5k	0.0	0.0
>10k+	0.0	0.0
>>END_MODULE
>>Overrepresented sequences	pass
>>END_MODULE
>>Adapter Content	pass
#Position	Illumina Universal Adapter	Illumina Small RNA 3' Adapter	Illumina Small RNA 5' Adapter	Nextera Transposase Sequence	SOLID Small RNA Adapter
1	0.0	0.0	0.0	4.0881319485467714E-5	0.0
2	0.0	0.0	0.0	4.0881319485467714E-5	0.0
3	0.0	0.0	0.0	4.0881319485467714E-5	0.0
4	0.0	2.0440659742733857E-5	0.0	4.0881319485467714E-5	0.0
5	0.0	2.0440659742733857E-5	0.0	6.132197922820157E-5	0.0
6	0.0	4.0881319485467714E-5	0.0	6.132197922820157E-5	0.0
7	0.0	4.0881319485467714E-5	0.0	6.132197922820157E-5	0.0
8	0.0	4.0881319485467714E-5	0.0	6.132197922820157E-5	0.0
9	0.0	4.0881319485467714E-5	0.0	6.132197922820157E-5	0.0
10-14	0.0	6.541011117674835E-5	2.0440659742733857E-5	8.58507709194822E-5	0.0
15-19	0.0	9.811516676512251E-5	4.0881319485467714E-5	1.0220329871366926E-4	0.0
20-24	3.679318753692095E-5	1.3082022235349667E-4	4.0881319485467714E-5	1.1446769455930959E-4	0.0
25-29	1.676134098904176E-4	1.7578967378751117E-4	4.0881319485467714E-5	1.2264395845640314E-4	0.0
30-34	2.9025736834682075E-4	2.3302352106716599E-4	4.9057583382561254E-5	1.3490835430204345E-4	0.0
35-39	3.9246066706049004E-4	2.657285766555401E-4	6.132197922820157E-5	1.4308461819913698E-4	0.0
40-44	4.5378264628869163E-4	2.657285766555401E-4	6.132197922820157E-5	1.4308461819913698E-4	0.0
45-49	4.946639657741593E-4	2.9025736834682075E-4	6.132197922820157E-5	1.4308461819913698E-4	0.0
50-54	5.478096811052674E-4	3.270505558837417E-4	9.402703481657574E-5	1.4308461819913698E-4	0.0
55-59	6.4592484787039E-4	3.270505558837417E-4	1.1446769455930959E-4	1.4308461819913698E-4	0.0
60-64	7.154230909956849E-4	3.5975561147211585E-4	1.2264395845640314E-4	1.6352527794187083E-4	0.0
65-69	8.135382577608074E-4	3.679318753692094E-4	1.2264395845640314E-4	1.839659376846047E-4	0.0
70-74	8.503314452977283E-4	3.8837253511194326E-4	1.2264395845640314E-4	1.839659376846047E-4	0.0
75-79	9.48446612062851E-4	4.0881319485467705E-4	1.2264395845640314E-4	1.839659376846047E-4	0.0
80-84	0.0012550565082038588	4.0881319485467705E-4	1.3899648625059023E-4	2.0849472937588533E-4	0.0
85-89	0.0015616664043448668	4.0881319485467705E-4	1.553490140447773E-4	2.2484725717007243E-4	0.0
90-94	0.00206450663401612	4.0881319485467705E-4	2.0031846547879177E-4	2.2484725717007243E-4	0.0
95-99	0.002555082467841732	4.0881319485467705E-4	2.0440659742733852E-4	2.2484725717007243E-4	0.0
100-104	0.003331827538065618	4.0881319485467705E-4	2.2075912522152562E-4	2.2484725717007243E-4	0.0
105-109	0.004435623164173247	4.0881319485467705E-4	2.2484725717007243E-4	2.2484725717007243E-4	0.0
110-114	0.0053186596650593495	4.0881319485467705E-4	2.411997849642595E-4	2.2484725717007243E-4	0.0
115-119	0.006156726714511437	4.0881319485467705E-4	2.4528791691280627E-4	2.2484725717007243E-4	0.0
120-124	0.006720888923410892	4.0881319485467705E-4	2.616404447069934E-4	2.3302352106716599E-4	0.0
125-129	0.006994793763963526	4.0881319485467705E-4	2.657285766555401E-4	2.657285766555401E-4	0.0
130-134	0.007313668055950175	4.0881319485467705E-4	2.657285766555401E-4	2.657285766555401E-4	0.0
135-139	0.007738833778599038	4.4151825044305124E-4	2.657285766555401E-4	2.657285766555401E-4	0.0
140	0.007992297959408938	4.701351740828787E-4	2.8616923639827397E-4	2.8616923639827397E-4	0.0
>>END_MODULE
