##FastQC	0.11.8
>>Basic Statistics	pass
#Measure	Value
Filename	SRR6058604_scaffold_10.2P.fastq.gz
File type	Conventional base calls
Encoding	Sanger / Illumina 1.9
Total Sequences	4892210
Sequences flagged as poor quality	0
Sequence length	50-151
%GC	35
>>END_MODULE
>>Per base sequence quality	pass
#Base	Mean	Median	Lower Quartile	Upper Quartile	10th Percentile	90th Percentile
1	31.876798624752414	32.0	32.0	32.0	32.0	32.0
2	31.539680430725582	32.0	32.0	32.0	32.0	32.0
3	35.27525290206267	37.0	37.0	37.0	32.0	37.0
4	35.9661451573011	37.0	37.0	37.0	32.0	37.0
5	36.25570365949132	37.0	37.0	37.0	37.0	37.0
6	39.607079418095296	41.0	41.0	41.0	37.0	41.0
7	39.71487650775416	41.0	41.0	41.0	37.0	41.0
8	39.78543459908712	41.0	41.0	41.0	37.0	41.0
9	39.76042136375994	41.0	41.0	41.0	37.0	41.0
10-14	39.77602433256136	41.0	41.0	41.0	37.0	41.0
15-19	39.74291487896063	41.0	41.0	41.0	37.0	41.0
20-24	39.723632059948365	41.0	41.0	41.0	37.0	41.0
25-29	39.72619347902073	41.0	41.0	41.0	37.0	41.0
30-34	39.69557484245362	41.0	41.0	41.0	37.0	41.0
35-39	39.656484942388005	41.0	41.0	41.0	37.0	41.0
40-44	39.61435764204726	41.0	41.0	41.0	37.0	41.0
45-49	39.52771974220239	41.0	41.0	41.0	37.0	41.0
50-54	39.45684759123765	41.0	41.0	41.0	37.0	41.0
55-59	39.412741839470165	41.0	41.0	41.0	37.0	41.0
60-64	39.38269931934045	41.0	41.0	41.0	37.0	41.0
65-69	39.33577358543353	41.0	41.0	41.0	37.0	41.0
70-74	39.27395259959932	41.0	41.0	41.0	37.0	41.0
75-79	38.63782780492603	41.0	39.4	41.0	35.0	41.0
80-84	39.44096820071125	41.0	41.0	41.0	37.0	41.0
85-89	39.453969680893785	41.0	41.0	41.0	37.0	41.0
90-94	39.3977042987306	41.0	41.0	41.0	37.0	41.0
95-99	39.36655861802048	41.0	41.0	41.0	37.0	41.0
100-104	39.285116878829925	41.0	41.0	41.0	37.0	41.0
105-109	39.18220861469338	41.0	41.0	41.0	37.0	41.0
110-114	39.132453816573516	41.0	41.0	41.0	37.0	41.0
115-119	39.065973997213	41.0	41.0	41.0	35.0	41.0
120-124	38.961037437026384	41.0	41.0	41.0	32.0	41.0
125-129	38.750556224622	41.0	38.6	41.0	32.0	41.0
130-134	38.691881419756015	41.0	37.0	41.0	32.0	41.0
135-139	38.53709841973817	41.0	37.0	41.0	32.0	41.0
140-144	38.41393135993529	41.0	37.0	41.0	32.0	41.0
145-149	38.176724406272164	41.0	37.0	41.0	32.0	41.0
150-151	37.89486489130438	41.0	37.0	41.0	32.0	41.0
>>END_MODULE
>>Per sequence quality scores	pass
#Quality	Count
20	9.0
21	28.0
22	144.0
23	486.0
24	1389.0
25	3010.0
26	5572.0
27	9739.0
28	15748.0
29	23837.0
30	34200.0
31	47589.0
32	65237.0
33	88282.0
34	118495.0
35	156887.0
36	210634.0
37	291522.0
38	446857.0
39	889210.0
40	2483335.0
>>END_MODULE
>>Per base sequence content	warn
#Base	G	A	T	C
1	20.57421901349288	37.50386839485631	26.65419105067035	15.267721540980455
2	17.397581914937348	34.70468861617711	33.13943060741303	14.758298861472507
3	17.760851342233853	33.55140970333872	32.15340107542271	16.534337879004724
4	18.167167803508026	32.248717859617635	31.881256119422513	17.702858217451826
5	18.549101530801007	32.36978788727385	31.47321966963806	17.607890912287086
6	18.403564033432744	32.27837725690434	31.592204750000512	17.725853959662402
7	18.253529590921076	32.65383129505888	31.560644371357732	17.531994742662313
8	17.78480482236045	32.26946512925652	32.103016836971435	17.842713211411613
9	17.657360918145564	32.445506723036566	32.308860884725085	17.588271474092785
10-14	17.59660573809453	32.611114315752715	32.39749304271399	17.39478690343876
15-19	17.61212035980555	32.37243872795009	32.485430884032084	17.530010028212267
20-24	17.70687891681909	32.33759855657425	32.35269624573658	17.602826280870083
25-29	17.77307911202986	32.30661104042443	32.258034841085795	17.662275006459925
30-34	17.837657426235506	32.368987280474876	32.126331575989006	17.667023717300605
35-39	17.82723801493158	32.28945979854251	32.19681451823739	17.686487668288525
40-44	17.825158676931498	32.22517274021176	32.18539491551096	17.76427366734578
45-49	17.83018275517361	32.26381374955623	32.16551234227418	17.74049115299599
50-54	17.841652308221168	32.242664544347	32.15642995769974	17.759253189732096
55-59	17.842764581636192	32.19723589960965	32.15316823398009	17.806831284774066
60-64	17.82946371900843	32.231296800017404	32.190428657017044	17.748810823957125
65-69	17.8390856604787	32.130451288751125	32.228357905593555	17.802105145176625
70-74	17.871805997622943	32.20417235137742	32.08877332769993	17.8352483232997
75-79	17.848235651638493	32.208159063848974	32.07189212062315	17.87171316388939
80-84	17.763345869983706	32.255479568010486	32.16190361091778	17.819270951088022
85-89	17.81092261899898	32.22584840832305	32.1559354732483	17.807293499429672
90-94	17.795936312707738	32.20009487296072	32.12662448492172	17.877344329409823
95-99	17.82037614594029	32.17931774502266	32.182387279780414	17.817918829256644
100-104	17.738500843665843	32.2650106338219	32.13326135475557	17.863227167756694
105-109	17.816052283104593	32.16903150049562	32.211848063462305	17.803068152937477
110-114	17.776424903597388	32.20204214971233	32.24707354670983	17.774459399980454
115-119	17.742172234756133	32.19806875527785	32.21234827315019	17.847410736815828
120-124	17.79637721263845	32.12571312688684	32.198462422394684	17.879447238080022
125-129	17.754170998148343	32.23772615011557	32.145260095910736	17.862842755825348
130-134	17.771815889660193	32.241955259434256	32.14075211191714	17.84547673898841
135-139	17.75871510677132	32.202721418852356	32.19526641172351	17.843297062652816
140-144	17.77249791663428	32.209047622549754	32.16624630894269	17.852208151873274
145-149	17.772939216439006	32.241193728080724	32.08632631623536	17.89954073924491
150-151	18.069037101135137	31.946817783684406	31.819180088707494	18.16496502647296
>>END_MODULE
>>Per sequence GC content	warn
#GC Content	Count
0	436.0
1	552.0
2	787.5
3	1209.0
4	2024.0
5	2869.0
6	3842.5
7	5365.0
8	7340.0
9	9209.0
10	11724.5
11	15297.5
12	19229.5
13	23619.0
14	28827.0
15	34847.0
16	41257.0
17	46258.0
18	50493.0
19	56592.0
20	63015.5
21	69720.0
22	77477.0
23	85710.0
24	95595.0
25	107182.5
26	121298.5
27	135258.0
28	147329.0
29	158365.0
30	170460.5
31	183730.0
32	192441.0
33	196139.0
34	195386.5
35	193047.0
36	192493.5
37	185676.0
38	172024.5
39	161314.0
40	152214.5
41	141786.5
42	130263.5
43	118112.0
44	107866.0
45	99081.5
46	88813.0
47	77299.0
48	67951.0
49	61920.5
50	56728.5
51	51060.5
52	45836.5
53	42253.5
54	40615.5
55	39984.0
56	40113.5
57	41834.0
58	43507.5
59	42227.0
60	38777.5
61	34389.5
62	29641.5
63	24945.5
64	20097.5
65	15436.5
66	11273.0
67	7865.5
68	5219.5
69	3377.0
70	2286.0
71	1615.5
72	1187.5
73	875.0
74	646.5
75	480.0
76	362.0
77	276.5
78	186.0
79	131.0
80	104.0
81	79.5
82	64.0
83	50.0
84	33.0
85	27.0
86	24.0
87	15.0
88	9.5
89	8.5
90	8.5
91	8.5
92	9.5
93	12.0
94	14.0
95	15.5
96	29.0
97	43.0
98	91.5
99	186.5
100	582.0
>>END_MODULE
>>Per base N content	pass
#Base	N-Count
1	0.0
2	0.05054975154378082
3	0.022689132314434583
4	0.0
5	0.0
6	0.0
7	0.0
8	0.0
9	2.0440659742733857E-5
10-14	1.2264395845640314E-5
15-19	2.4528791691280627E-4
20-24	0.0014431105778370103
25-29	0.010506499107765202
30-34	0.0019091576199713421
35-39	3.679318753692094E-5
40-44	7.563044104811527E-4
45-49	0.0023138826828774726
50-54	0.0013753464000246579
55-59	5.132715179229076E-4
60-64	4.902011064456872E-4
65-69	0.002062236989877888
70-74	9.37048540068009E-4
75-79	0.002425923005448132
80-84	0.0012068513577975606
85-89	0.001148230189645302
90-94	0.007844470687084779
95-99	9.330960820435496E-4
100-104	7.756130309770521E-4
105-109	0.00957014557131833
110-114	0.00445636720875974
115-119	0.009232778026640426
120-124	8.05829204715523E-4
125-129	0.011436228821054717
130-134	1.5233548801000016E-4
135-139	0.0022749504202992776
140-144	0.0014488556594503968
145-149	0.009030415718783798
150-151	3.523295324023378E-4
>>END_MODULE
>>Sequence Length Distribution	warn
#Length	Count
50-54	15288.0
55-59	15500.0
60-64	15716.0
65-69	15696.0
70-74	16550.0
75-79	17655.0
80-84	16304.0
85-89	17459.0
90-94	17907.0
95-99	17999.0
100-104	18481.0
105-109	19008.0
110-114	19224.0
115-119	19656.0
120-124	21860.0
125-129	23368.0
130-134	23396.0
135-139	26051.0
140-144	33973.0
145-149	82906.0
150-152	4438213.0
>>END_MODULE
>>Sequence Duplication Levels	pass
#Total Deduplicated Percentage	72.5407284465241
#Duplication Level	Percentage of deduplicated	Percentage of total
1	90.32539429959071	65.52269899711827
2	6.787488668184816	9.847387446253085
3	1.093399420265873	2.3794797128728074
4	0.3415815390825227	0.9911429467572416
5	0.18259898512690456	0.662293169735084
6	0.09292107474230327	0.40443374699043555
7	0.07043033051017465	0.3576347235956265
8	0.04561291073456489	0.26470350170012924
9	0.039114287253777746	0.25536410010500676
>10	0.9816286524777423	17.251957206103164
>50	0.03585663643913003	1.6078076393319458
>100	0.003942610889168493	0.4347075392499861
>500	3.0584702268062676E-5	0.020389270187158533
>1k	0.0	0.0
>5k	0.0	0.0
>10k+	0.0	0.0
>>END_MODULE
>>Overrepresented sequences	pass
>>END_MODULE
>>Adapter Content	pass
#Position	Illumina Universal Adapter	Illumina Small RNA 3' Adapter	Illumina Small RNA 5' Adapter	Nextera Transposase Sequence	SOLID Small RNA Adapter
1	0.0	0.0	0.0	0.0	0.0
2	0.0	2.0440659742733857E-5	0.0	0.0	0.0
3	0.0	2.0440659742733857E-5	0.0	0.0	0.0
4	0.0	2.0440659742733857E-5	0.0	0.0	0.0
5	0.0	2.0440659742733857E-5	0.0	0.0	0.0
6	0.0	2.0440659742733857E-5	0.0	0.0	0.0
7	0.0	2.0440659742733857E-5	0.0	0.0	0.0
8	0.0	4.0881319485467714E-5	0.0	0.0	0.0
9	0.0	4.0881319485467714E-5	0.0	0.0	0.0
10-14	5.72338472796548E-5	4.0881319485467714E-5	4.0881319485467714E-5	4.088131948546772E-6	0.0
15-19	1.1446769455930959E-4	4.9057583382561254E-5	7.35863750738419E-5	4.0881319485467714E-5	0.0
20-24	3.2296242393519493E-4	6.132197922820157E-5	8.176263897093543E-5	5.72338472796548E-5	0.0
25-29	6.25484188127656E-4	8.993890286802898E-5	8.176263897093543E-5	9.811516676512251E-5	0.0
30-34	9.525347440113976E-4	1.0220329871366926E-4	9.402703481657574E-5	1.1855582650785637E-4	0.0
35-39	0.0013163784874320604	1.2264395845640314E-4	1.0220329871366926E-4	1.4717275014768376E-4	0.0
40-44	0.001925510147765529	1.2264395845640314E-4	1.0220329871366926E-4	1.9623033353024502E-4	0.0
45-49	0.002579611259533013	1.2264395845640314E-4	1.0220329871366926E-4	2.2484725717007243E-4	0.0
50-54	0.003315475010271432	1.4308461819913698E-4	1.1855582650785637E-4	2.2484725717007243E-4	0.0
55-59	0.004059515024906943	1.4717275014768376E-4	1.2264395845640314E-4	2.3302352106716599E-4	0.0
60-64	0.0048362600951308305	1.676134098904176E-4	1.3490835430204345E-4	2.4528791691280627E-4	0.0
65-69	0.005617093297303264	1.839659376846047E-4	1.4308461819913698E-4	2.4528791691280627E-4	0.0
70-74	0.006226224957636732	2.0440659742733852E-4	1.4308461819913698E-4	2.616404447069934E-4	0.0
75-79	0.0069866175000664315	2.1667099327297886E-4	1.4308461819913698E-4	2.8616923639827397E-4	0.0
80-84	0.0078492133412098	2.2484725717007243E-4	1.4308461819913698E-4	2.8616923639827397E-4	0.0
85-89	0.008789483689375559	2.2893538911861918E-4	1.4308461819913698E-4	2.8616923639827397E-4	0.0
90-94	0.010093597780961978	2.5346418080989983E-4	1.4308461819913698E-4	2.8616923639827397E-4	0.0
95-99	0.011405888136445493	2.739048405526336E-4	1.4308461819913698E-4	3.188742919866482E-4	0.0
100-104	0.0132946050966741	3.1069802808955465E-4	1.5126088209623054E-4	3.270505558837417E-4	0.0
105-109	0.015314142279256204	3.5566747952356907E-4	1.7578967378751117E-4	3.4749121562647556E-4	0.0
110-114	0.01761576056628804	3.679318753692094E-4	1.839659376846047E-4	3.842844031633964E-4	0.0
115-119	0.020174931166078318	3.965487990090368E-4	1.9214220158169826E-4	3.9246066706049004E-4	0.0
120-124	0.022885362647964827	4.29253854597411E-4	2.0440659742733852E-4	4.210775907003175E-4	0.0
125-129	0.024389795205030037	4.29253854597411E-4	2.0440659742733852E-4	4.456063823915981E-4	0.0
130-134	0.025109306427974272	4.29253854597411E-4	2.3711165301571274E-4	4.905758338256125E-4	0.0
135-139	0.025644851713233895	4.4969451434014485E-4	2.4528791691280627E-4	4.905758338256125E-4	0.0
140	0.026000519192757466	4.701351740828787E-4	2.657285766555401E-4	5.110164935683464E-4	0.0
>>END_MODULE
