##FastQC	0.11.8
>>Basic Statistics	pass
#Measure	Value
Filename	SRR6037732_scaffold_10.fq.gz
File type	Conventional base calls
Encoding	Sanger / Illumina 1.9
Total Sequences	242764
Sequences flagged as poor quality	0
Sequence length	47-47809
%GC	34
>>END_MODULE
>>Per base sequence quality	fail
#Base	Mean	Median	Lower Quartile	Upper Quartile	10th Percentile	90th Percentile
1	7.402609118320673	7.0	3.0	12.0	1.0	14.0
2	7.896846319882685	8.0	4.0	12.0	2.0	13.0
3	8.276350694501655	9.0	5.0	12.0	2.0	14.0
4	8.562216803150385	9.0	5.0	12.0	2.0	13.0
5	8.813328994414329	10.0	6.0	12.0	3.0	13.0
6	8.997742663656885	10.0	6.0	13.0	3.0	14.0
7	9.143101942627407	10.0	6.0	13.0	3.0	14.0
8	9.240620520340743	10.0	6.0	13.0	3.0	14.0
9	9.297029213557199	10.0	6.0	13.0	3.0	14.0
10-999	9.672315787938397	10.915151515151516	6.961616161616162	13.0	3.888888888888889	14.0
1000-1999	9.843977033705572	11.0	7.0	13.0	4.0	14.0
2000-2999	9.901580839170196	11.0	7.0	13.0	4.0	14.0
3000-3999	9.936388706385436	11.0	7.0	13.0	4.0	14.0
4000-4999	9.956797058260834	11.0	7.0	13.0	4.0	14.0
5000-5999	9.971834344523742	11.0	7.0	13.0	4.0	14.0
6000-6999	9.980216822580491	11.0	7.0	13.0	4.0	14.0
7000-7999	9.981610227947618	11.0	7.0	13.0	4.0	14.0
8000-8999	9.977400087945245	11.0	7.0	13.0	4.0	14.0
9000-9999	9.96290186363174	11.0	7.0	13.0	4.0	14.0
10000-10999	9.938382426513279	11.0	7.0	13.0	4.0	14.0
11000-11999	9.923233750103993	11.0	7.0	13.0	4.0	14.0
12000-12999	9.912916206857126	11.0	7.0	13.0	4.0	14.0
13000-13999	9.894107198264145	11.0	7.0	13.0	4.0	14.0
14000-14999	9.877745217157194	11.0	7.0	13.0	4.0	14.0
15000-15999	9.864171421666311	11.0	7.0	13.0	4.0	14.0
16000-16999	9.854261487049428	11.0	7.0	13.0	4.0	14.0
17000-17999	9.81560840370623	11.0	7.0	13.0	4.0	14.0
18000-18999	9.786796978537224	11.0	7.0	13.0	3.999	14.0
19000-19999	9.768107318768104	10.998	7.0	13.0	3.997	14.0
20000-20999	9.740146413549283	10.973	7.0	13.0	3.989	14.0
21000-21999	9.717568770389944	10.938	6.998	13.0	3.968	14.0
22000-22999	9.693077950890697	10.853	6.994	13.0	3.913	14.0
23000-23999	9.64073520401811	10.661	6.95	13.0	3.825	14.0
24000-24999	9.665482442741443	10.719	6.936	13.0	3.8	14.0
25000-25999	9.649844265461736	10.623	6.903	13.0	3.756	14.0
26000-26999	9.6395868796042	10.573	6.851	12.998	3.73	14.0
27000-27999	9.620544077963965	10.542	6.823	12.997	3.651	13.997
28000-28999	9.625140009879386	10.52	6.799	12.991	3.655	13.992
29000-29999	9.600818279711957	10.473	6.719	12.977	3.591	13.974
30000-30999	9.621484465390129	10.515	6.723	12.94	3.546	13.937
31000-31999	9.614139591745282	10.408123791102515	6.646034816247583	12.918762088974855	3.502901353965184	13.85880077369439
32000-32999	9.65744961266313	NaN	NaN	NaN	NaN	NaN
33000-33999	9.64377090774061	NaN	NaN	NaN	NaN	NaN
34000-34999	9.639423878931705	NaN	NaN	NaN	NaN	NaN
35000-35999	9.955249487975808	NaN	NaN	NaN	NaN	NaN
36000-36999	9.940099265320152	NaN	NaN	NaN	NaN	NaN
37000-37999	9.851387067099576	NaN	NaN	NaN	NaN	NaN
38000-38999	9.878046464646458	NaN	NaN	NaN	NaN	NaN
39000-39999	9.929327380952387	NaN	NaN	NaN	NaN	NaN
40000-40999	9.634883333333331	NaN	NaN	NaN	NaN	NaN
41000-41999	9.71825	NaN	NaN	NaN	NaN	NaN
42000-42999	9.58475	NaN	NaN	NaN	NaN	NaN
43000-43999	9.804333333333334	NaN	NaN	NaN	NaN	NaN
44000-44999	10.182	NaN	NaN	NaN	NaN	NaN
45000-45999	9.365	NaN	NaN	NaN	NaN	NaN
46000-46999	8.974	NaN	NaN	NaN	NaN	NaN
47000-47809	9.445679012345678	NaN	NaN	NaN	NaN	NaN
>>END_MODULE
>>Per sequence quality scores	fail
#Quality	Count
4	74.0
5	519.0
6	1533.0
7	7126.0
8	30764.0
9	75503.0
10	121129.0
11	6115.0
12	1.0
>>END_MODULE
>>Per base sequence content	warn
#Base	G	A	T	C
1	16.050979552157653	43.83351732546836	23.961954820319324	16.15354830205467
2	18.68975630653639	41.85093341681633	23.40585918834753	16.05345108829975
3	20.59572259478341	41.00319652007711	23.504720634031408	14.896360251108073
4	21.88627638364832	39.11247137137302	24.081000477830322	14.92025176714834
5	23.096505247895074	38.263910629253104	24.276663755746323	14.362920367105502
6	24.228468800975435	37.52656901352754	24.46532434792638	13.779637837570643
7	24.31208910711638	37.31360498261686	24.70135604949663	13.672949860770132
8	24.439785141124716	36.835362739121116	25.317592394259446	13.407259725494718
9	23.654660493318612	36.64340676541827	26.31938837718937	13.38254436407375
10-999	17.802026912823234	32.62186939858594	32.712301528478775	16.863802160112044
1000-1999	17.787410193014363	32.65432758212405	32.66408236018806	16.89417986467352
2000-2999	17.791362732146045	32.662576055544164	32.65668713679868	16.889374075511114
3000-3999	17.76488793351372	32.697804829893286	32.668136905100894	16.869170331492104
4000-4999	17.750975621131122	32.71230443316818	32.683200178162714	16.853519767537986
5000-5999	17.732121337896952	32.73009920641678	32.71981653405066	16.817962921635612
6000-6999	17.692250354199135	32.75617442547703	32.75809003395109	16.79348518637275
7000-7999	17.684660396510665	32.76501437932677	32.751193674425075	16.799131549737485
8000-8999	17.660799380562185	32.763064335498	32.77564373961526	16.800492544324552
9000-9999	17.655928439130687	32.764114409936525	32.79953089396153	16.78042625697126
10000-10999	17.643488678276196	32.817096214290856	32.78226137880425	16.757153728628698
11000-11999	17.658965118375978	32.7865516769836	32.75001857823173	16.804464626408695
12000-12999	17.698766738456335	32.74855558356376	32.75153460842683	16.80114306955308
13000-13999	17.665388333528092	32.69235231002943	32.81801706096693	16.82424229547555
14000-14999	17.656864207194527	32.707533298247846	32.85306484610586	16.782537648451758
15000-15999	17.635175503942325	32.719361676741556	32.87937461995175	16.766088199364372
16000-16999	17.58279207446915	32.74529351365646	32.9530669720167	16.71884743985769
17000-17999	17.563606018574916	32.72797634257499	32.93851442426984	16.769903214580253
18000-18999	17.580810304739515	32.69816878783517	32.91887304039147	16.80214786703385
19000-19999	17.604315845076883	32.69567459462905	32.897189176974564	16.80282038331951
20000-20999	17.501901083007255	32.79468765189703	32.99264430918304	16.710766955912682
21000-21999	17.567759901820985	32.555232409816824	33.036101913541955	16.840905774820232
22000-22999	17.523116859409743	32.66912581972603	33.13239374711396	16.675363573750275
23000-23999	17.597863900445475	32.503845603133755	33.274166106057855	16.624124390362915
24000-24999	17.63707528439378	32.39255074193642	33.03146573292003	16.938908240749768
25000-25999	17.290658504471537	32.56698756861203	33.17402233203946	16.968331594876968
26000-26999	17.167806574101608	32.8739391998536	33.26566324313196	16.692590982912826
27000-27999	17.135839985014208	32.940129668751496	33.2094056675443	16.71462467868999
28000-28999	16.866041972775914	32.89935127942114	33.238959274763666	16.995647473039284
29000-29999	17.156484301364543	32.55199329332695	33.19045341088319	17.101068994425315
30000-30999	17.27947293115496	32.696236648587494	32.68026486540445	17.344025554853093
31000-31999	17.475957005468604	32.08561191778239	33.121817838959075	17.31661323778993
32000-32999	17.225325884543764	32.614470369153246	33.114251287107024	17.045952459195966
33000-33999	18.019480519480517	33.2661591282281	32.271607702642186	16.4427526496492
34000-34999	17.232863035653292	32.647592023330965	32.820997871837314	17.298547069178426
35000-35999	18.67448783050254	32.85326562773595	31.321134652425144	17.151111889336367
36000-36999	18.628812426065934	31.50748341305354	32.13495859692435	17.72874556395618
37000-37999	18.71345029239766	33.648815020006154	31.90212373037858	15.735610957217606
38000-38999	17.53161355589277	33.7076378351037	33.23216995447648	15.528578654527061
39000-39999	14.570479354532512	34.456573327005216	34.2983705109951	16.674576807467172
40000-40999	14.446227929373997	37.4226094932355	34.60215546892915	13.529007108461363
41000-41999	12.7	38.425	35.725	13.15
42000-42999	11.232366249667287	43.1727442108065	31.434655310087834	14.160234229438382
43000-43999	16.427432216905903	32.37639553429027	32.37639553429027	18.819776714513555
44000-44999	14.499999999999998	34.699999999999996	30.9	19.900000000000002
45000-45999	16.8	41.699999999999996	24.8	16.7
46000-46999	13.3	35.6	31.900000000000002	19.2
47000-47809	12.098765432098766	28.271604938271604	36.91358024691358	22.71604938271605
>>END_MODULE
>>Per sequence GC content	warn
#GC Content	Count
0	1.0
1	0.5
2	0.5
3	0.5
4	0.5909090909090909
5	0.9696078431372549
6	0.5
7	2.1105747642568478
8	2.8944739925025185
9	4.7741301173897375
10	5.984267352316005
11	7.4211811280264754
12	7.935268999613659
13	11.675658975257665
14	13.66204408176325
15	16.85514472621785
16	21.322420847745153
17	30.000083601273772
18	50.301031604350705
19	65.32745665957843
20	66.16128546141609
21	71.98571390530945
22	84.05870832672662
23	102.83211397887187
24	125.30815620071388
25	174.44718955563022
26	231.79284080952675
27	279.70032148842853
28	340.2612053813397
29	398.1387607241309
30	439.29067064819094
31	462.99037657876534
32	473.85612733950256
33	494.8797461280341
34	522.7806882467611
35	483.29807118209106
36	417.62185008751027
37	335.42651478804254
38	263.7492965065088
39	229.40452879429864
40	205.47940915260887
41	174.75815875362042
42	165.3522157499556
43	181.3413776074153
44	173.50293411002076
45	175.04089180147145
46	178.8852620787754
47	216.3896158914443
48	195.7808826237682
49	113.0060537966708
50	52.17454308915964
51	29.563120542633847
52	20.31274995581268
53	19.65379796907889
54	16.176847917482412
55	13.265091779040501
56	6.8067228544878615
57	5.362786653025253
58	4.593220288151708
59	3.0514405175035875
60	1.6180824829327252
61	2.257426470707899
62	1.995807279678479
63	1.889213087896739
64	1.709651165292438
65	0.5632230792496707
66	0.5594668544963712
67	0.5196078431372549
68	0.5930931157612082
69	0.22273193237592215
70	0.16724738675958187
71	0.09271753876870673
72	0.047619047619047616
73	0.0
74	0.0
75	0.0
76	0.0
77	0.007633587786259542
78	0.0
79	0.0
80	0.0
81	0.0
82	0.0
83	0.0
84	0.0
85	0.0
86	0.0
87	0.0
88	0.0
89	0.0
90	0.0
91	0.0
92	0.0
93	0.0
94	0.0
95	0.0
96	0.0
97	0.0
98	0.0
99	0.0
100	0.0
>>END_MODULE
>>Per base N content	pass
#Base	N-Count
1	0.0
2	0.0
3	0.0
4	0.0
5	0.0
6	0.0
7	0.0
8	0.0
9	0.0
10-999	0.0
1000-1999	0.0
2000-2999	0.0
3000-3999	0.0
4000-4999	0.0
5000-5999	0.0
6000-6999	0.0
7000-7999	0.0
8000-8999	0.0
9000-9999	0.0
10000-10999	0.0
11000-11999	0.0
12000-12999	0.0
13000-13999	0.0
14000-14999	0.0
15000-15999	0.0
16000-16999	0.0
17000-17999	0.0
18000-18999	0.0
19000-19999	0.0
20000-20999	0.0
21000-21999	0.0
22000-22999	0.0
23000-23999	0.0
24000-24999	0.0
25000-25999	0.0
26000-26999	0.0
27000-27999	0.0
28000-28999	0.0
29000-29999	0.0
30000-30999	0.0
31000-31999	0.0
32000-32999	0.0
33000-33999	0.0
34000-34999	0.0
35000-35999	0.0
36000-36999	0.0
37000-37999	0.0
38000-38999	0.0
39000-39999	0.0
40000-40999	0.0
41000-41999	0.0
42000-42999	0.0
43000-43999	0.0
44000-44999	0.0
45000-45999	0.0
46000-46999	0.0
47000-47809	0.0
>>END_MODULE
>>Sequence Length Distribution	warn
#Length	Count
0-999	8912.0
1000-1999	19099.0
2000-2999	19945.0
3000-3999	20660.0
4000-4999	20382.0
5000-5999	19599.0
6000-6999	18811.0
7000-7999	18974.0
8000-8999	18381.0
9000-9999	17115.0
10000-10999	14350.0
11000-11999	10992.0
12000-12999	8600.0
13000-13999	6602.0
14000-14999	4814.0
15000-15999	3794.0
16000-16999	2998.0
17000-17999	2262.0
18000-18999	1671.0
19000-19999	1252.0
20000-20999	956.0
21000-21999	673.0
22000-22999	486.0
23000-23999	361.0
24000-24999	263.0
25000-25999	203.0
26000-26999	157.0
27000-27999	126.0
28000-28999	80.0
29000-29999	73.0
30000-30999	44.0
31000-31999	40.0
32000-32999	27.0
33000-33999	16.0
34000-34999	20.0
35000-35999	5.0
36000-36999	5.0
37000-37999	5.0
38000-38999	2.0
39000-39999	3.0
40000-40999	2.0
41000-41999	0.0
42000-42999	1.0
43000-43999	2.0
44000-44999	0.0
45000-45999	0.0
46000-46999	0.0
47000-47810	1.0
>>END_MODULE
>>Sequence Duplication Levels	pass
#Total Deduplicated Percentage	99.99555801137721
#Duplication Level	Percentage of deduplicated	Percentage of total
1	99.99779376968593	99.99335187906365
2	0.0012594150028685724	0.0025187181195948627
3	5.171018715618915E-4	0.0015512367058667653
4	0.0	0.0
5	0.0	0.0
6	4.2971343963770897E-4	0.0025781661108936578
7	0.0	0.0
8	0.0	0.0
9	0.0	0.0
>10	0.0	0.0
>50	0.0	0.0
>100	0.0	0.0
>500	0.0	0.0
>1k	0.0	0.0
>5k	0.0	0.0
>10k+	0.0	0.0
>>END_MODULE
>>Overrepresented sequences	pass
>>END_MODULE
>>Adapter Content	pass
#Position	Illumina Universal Adapter	Illumina Small RNA 3' Adapter	Illumina Small RNA 5' Adapter	Nextera Transposase Sequence	SOLID Small RNA Adapter
1	0.0	0.0	0.0	0.0	0.0
2	0.0	0.0	0.0	0.0	0.0
3	0.0	0.0	0.0	0.0	0.0
4	0.0	0.0	0.0	0.0	0.0
5	0.0	0.0	0.0	0.0	0.0
6	0.0	0.0	0.0	0.0	0.0
7	0.0	0.0	0.0	0.0	0.0
8	0.0	0.0	0.0	0.0	0.0
9	0.0	0.0	0.0	0.0	0.0
10-999	0.0016327117544761196	0.0010822332500999771	0.0013160721914902871	0.0018270227609338701	4.930589778425596E-4
1000-1999	0.004942660361503351	0.002235916363216935	0.0038411790875088584	0.006908355439851098	0.0013684071773409578
2000-2999	0.009585852927122638	0.003504638249493324	0.005499167916165502	0.011338172051869233	0.0024715361420968333
3000-3999	0.01270534346113928	0.005725313473167295	0.006158244220724526	0.01589197739368278	0.0024715361420968333
4000-4999	0.01601308266464557	0.007751561186996495	0.008887232044289824	0.019640061953172704	0.0024715361420968333
5000-5999	0.01835980623156668	0.009373300818902168	0.010636255787513779	0.023749402712098914	0.0025790479642780703
6000-6999	0.02041612430179135	0.011909096900693653	0.01125249213227683	0.02796913875203924	0.0034152510256874897
7000-7999	0.022698587929017383	0.01276960340083377	0.01220568123774532	0.030140383252871286	0.004119226903494772
8000-8999	0.024209108434529433	0.012937255935805733	0.01276960340083377	0.032428613797762504	0.00443723122044446
9000-9999	0.02568543935674105	0.013323227496663585	0.013001103952809921	0.03376571485063691	0.005329455767741592
10000-10999	0.02658837389398748	0.014316373103096225	0.013351650162297753	0.03514112471371355	0.005367352655253749
11000-11999	0.02677497487271558	0.014751363464104677	0.013693545995287649	0.03559259198233718	0.005858364502150284
12000-12999	0.027170832578141887	0.015425680908207208	0.014854756059382376	0.03637318548054917	0.006214677629302577
13000-13999	0.028629038901979386	0.015653062233280196	0.01602791188149786	0.037158722051046006	0.006590763045591506
14000-14999	0.02883458832446371	0.015653062233280196	0.016064984923629316	0.0386202237564057	0.0069734392249261225
15000-15999	0.02883458832446371	0.015653062233280196	0.01608846451697928	0.039258703926446724	0.007002685735940936
16000-16999	0.02910769306816451	0.015653062233280196	0.01647690761397909	0.03954457827354933	0.007002685735940936
17000-17999	0.029658433705162014	0.015653062233280196	0.01647690761397909	0.039848577219027306	0.007002685735940936
18000-18999	0.029658433705162014	0.015653062233280196	0.01647690761397909	0.039956500963898925	0.007002685735940936
19000-19999	0.029658433705162014	0.015653062233280196	0.01647690761397909	0.039956500963898925	0.007002685735940936
20000-20999	0.029829381621657474	0.015653062233280196	0.01647690761397909	0.039956500963898925	0.007002685735940936
21000-21999	0.03007035639551224	0.015653062233280196	0.01647690761397909	0.039956500963898925	0.007002685735940936
22000-22999	0.03007035639551224	0.015653062233280196	0.01647690761397909	0.039956500963898925	0.007002685735940936
23000-23999	0.03007035639551224	0.015653062233280196	0.01647690761397909	0.039956500963898925	0.007002685735940936
24000-24999	0.03007035639551224	0.015653062233280196	0.01647690761397909	0.039956500963898925	0.007002685735940936
25000-25999	0.03007035639551224	0.015653062233280196	0.01647690761397909	0.039956500963898925	0.007002685735940936
26000-26999	0.03007035639551224	0.015653062233280196	0.01647690761397909	0.039956500963898925	0.007002685735940936
27000-27999	0.03007035639551224	0.015653062233280196	0.01647690761397909	0.039956500963898925	0.007002685735940936
28000-28999	0.03007035639551224	0.015653062233280196	0.01647690761397909	0.039956500963898925	0.007002685735940936
29000-29999	0.03007035639551224	0.015653062233280196	0.01647690761397909	0.04020653803694238	0.007002685735940936
30000-30999	0.03007035639551224	0.015653062233280196	0.01647690761397909	0.040368423654249606	0.007002685735940936
31000-31999	0.03007035639551224	0.015653062233280196	0.01647690761397909	0.040368423654249606	0.007002685735940936
32000-32999	0.03007035639551224	0.015866850109571215	0.01647690761397909	0.040582211530539675	0.007002685735940936
33000-33999	0.03007035639551224	0.016064984923629316	0.01647690761397909	0.04078034634459744	0.007002685735940936
34000-34999	0.03007035639551224	0.016064984923629316	0.01647690761397909	0.04078034634459744	0.007002685735940936
35000-35999	0.03007035639551224	0.016064984923629316	0.01647690761397909	0.04078034634459744	0.007002685735940936
36000-36999	0.03007035639551224	0.016064984923629316	0.01647690761397909	0.04078034634459744	0.007002685735940936
37000-37999	0.03007035639551224	0.016064984923629316	0.01647690761397909	0.04078034634459744	0.007002685735940936
38000-38999	0.03007035639551224	0.016064984923629316	0.01647690761397909	0.04078034634459744	0.007002685735940936
39000-39999	0.030467449869007783	0.016064984923629316	0.01647690761397909	0.041177439818094366	0.007002685735940936
40000-40999	0.03048227908586036	0.016064984923629316	0.01647690761397909	0.04119226903494694	0.007002685735940936
41000-41999	0.03048227908586036	0.016064984923629316	0.01647690761397909	0.04119226903494694	0.007002685735940936
42000-42999	0.03048227908586036	0.016064984923629316	0.01647690761397909	0.04119226903494694	0.007002685735940936
43000-43999	0.03087648910052513	0.01645919493829406	0.016871117628643253	0.0415864790496127	0.007396895750605476
44000-44999	0.030894201776210155	0.01647690761397909	0.016888830304328282	0.04160419172529772	0.007414608426290503
45000-45999	0.030894201776210155	0.01647690761397909	0.016888830304328282	0.04160419172529772	0.007414608426290503
46000-46999	0.030894201776210155	0.01647690761397909	0.016888830304328282	0.04160419172529772	0.007414608426290503
47000-47798	0.030894717324007896	0.016477423161776743	0.016889345852125984	0.041604707273095266	0.00741512397408819
>>END_MODULE
